0	4 5
0	9 10 11 12
0	9 13 14
0	15 16
0	19 20
0	21 22 23
0	28 29 30 31
0	32 33
0	37 38
0	39 40
0	44 45 46
0	48 49
0	58 59
0	61 62 63
0	64 65
0	71 72
0	72 73
0	7 57 79
0	81 82
0	92 93
0	0 10
0	103 104 105 106
0	68 108
0	79 109
0	22 110
0	84 110
0	7 111
0	116 117
0	118 119
0	121 122
0	123 124
0	127 128
0	10 11 129
0	44 81
0	44 130
0	44 131 132 133
0	44 81 134
0	44 135
0	44 46
0	44 47
0	44 45
0	44 45 136
0	6 44 46
0	44 45 47
0	6 44
0	44 137
0	0 140
0	143 144
0	146 147
0	80 148 149
0	150 151 152
0	159 160
0	160 161
0	19 162
0	162 163
0	144 173 174 175
0	176 177
0	101 179
0	101 144
0	180 181 182
0	149 183
0	191 192
0	195 196
0	198 199
0	20 203 204
0	144 163 179 206 207 208
0	144 209
0	144 210 211
0	212 213
0	214 215
0	2 216
0	218 219 220
0	221 222
0	221 223
0	221 224
0	85 231
0	232 233 234
0	235 236
0	238 239
0	45 240 241
0	247 248 249
0	139 250
0	253 254
0	1 255
0	256 257
0	1 261
0	2 164
0	164 262
0	164 263
0	164 264
0	0 10 52
0	22 270
0	153 196 271
0	3 35 49 65 272
0	280 281
0	290 291
0	300 301
0	301 302
0	15 306
0	65 309 310
0	78 307 311
0	321 322
0	10 52 324
0	326 327
0	36 331
0	163 333
0	335 336
0	323 335 336
0	0 338
0	340 341
0	302 345 346
0	346 347
0	304 350 351
0	19 357
0	367 368
0	130 373
0	81 130
0	375 376
0	384 385
0	248 388
0	248 389
0	36 390
0	36 346
0	391 392
0	352 393
0	390 394
0	189 396
0	150 401
0	402 403
0	403 404 405 406
0	37 59
0	23 59
0	59 62
0	81 414
0	421 422
0	121 428
0	391 436
0	284 441
0	79 442
0	336 445
0	140 285 449
0	155 451
0	17 451
0	450 452
0	149 450
0	453 454
0	455 456
0	37 62
0	459 460
0	462 463
0	464 465
0	45 468 469
0	185 402
0	417 473
0	10 52
0	188 478
0	100 479
0	481 482
0	380 484 485
0	2 487
0	2 317 488
0	2 489
0	2 490
0	2 317
0	2 317 489
0	2 262
0	2 431
0	2 400 489
0	2 491
0	2 492
0	421 493
0	37 499
0	499 500
0	121 502
0	377 504
0	45 240 505 506
0	80 149 507
0	80 508
0	211 357
0	11 211
0	207 211
0	10 211
0	309 511
0	309 512
0	309 513
0	25 518
0	46 522
0	400 524
0	276 526
0	527 528
0	507 531
0	37 417
0	212 537
0	10 212
0	527 536
0	262 544
0	37 236
0	234 549
0	1 32
0	422 559
0	560 561
0	10 20
0	10 163 207
0	10 207
0	10 144 209
0	10 209
0	0 10 90
0	10 290
0	10 11
0	10 163
0	10 567
0	493 572
0	244 307
0	42 474
0	42 168
0	8 305
0	583 584
0	589 590
0	197 527
0	3 74
0	300 597
0	389 599
0	570 600
0	224 601
0	224 336
0	224 323 602
0	386 604
0	57 100 606
0	155 613
0	22 84
0	615 616
0	344 617
0	65 618
0	57 624
0	1 123
0	49 637 638
0	49 638
0	377 641
0	377 643
0	45 621
0	669 670
0	79 100
0	57 100
0	11 163 673
0	675 676
0	679 680
0	52 163
0	163 207
0	144 207
0	19 207
0	207 213
0	159 441
0	37 691
0	692 693
0	31 694
0	147 695
0	446 696 697
0	17 698
0	323 699
0	45 700
0	700 701
0	175 704
0	705 706
0	461 707
0	385 708 709
0	708 710
0	3 191
0	257 713
0	460 717
0	717 718
0	307 720
0	0 213 725
0	0 52 726
0	0 52
0	728 729
0	47 731
0	144 733
0	740 741
0	300 323
0	743 744
0	745 746
0	323 336
0	57 751
0	756 757
0	191 512
0	758 759
0	108 307
0	323 555
0	61 772
0	77 121
0	137 780
0	57 79 230
0	57 230
0	57 79
0	57 161
0	323 790
0	336 790
0	742 792
0	103 793
0	794 795
0	800 801
0	402 788
0	806 807
0	3 426 811
0	3 812
0	3 68
0	307 815
0	817 818
0	462 820
0	463 820
0	37 746
0	609 821
0	20 144 823 824
0	477 825
0	592 788
0	601 830
0	163 213
0	163 832
0	834 835
0	79 230
0	290 791
0	184 262
0	1 325
0	400 836
0	317 836
0	45 81
0	389 837
0	385 797
0	434 839
0	37 418
0	31 843
0	844 845
0	846 847
0	373 621
0	848 849
0	661 758
0	22 653
0	139 853
0	854 855
0	11 209 859
0	11 538
0	144 357
0	13 864
0	155 698
0	191 871
0	370 872
0	305 429
0	317 400
0	149 782
0	120 185
0	233 653
0	639 653
0	881 882
0	37 116
0	209 704
0	341 837
0	341 389
0	489 892
0	61 62
0	62 895
0	40 305
0	837 902
0	251 518
0	185 898
0	460 908
0	94 121
0	474 674
0	915 916
0	81 134
0	6 81
0	359 610
0	14 374
0	400 489
0	379 426
0	426 477
0	191 477
0	19 312
0	943 944
0	144 312
0	336 394
0	45 136
0	45 47
0	6 45
0	45 816
0	489 524
0	323 602
0	818 954
0	20 179
0	168 366
0	417 964
0	373 965
0	37 500
0	794 969
0	69 618
0	61 417
0	223 336
0	828 974
0	213 661
0	78 815
0	259 963
0	139 658
0	134 373
0	281 290
0	986 987
0	639 875
0	323 945
0	93 230
0	323 394
1	1001 1002
1	1003 1004
1	1005 1006
1	1009 1010
1	1011 1012 1013
1	1018 1019
1	1011 1024
1	1025 1026
1	1031 1032
1	1037 1038 1039
1	1040 1041
1	1045 1046
1	1049 1050 1051
1	1053 1054
1	1055 1056 1057
1	1059 1060
1	1064 1065
1	1064 1066
1	1064 1067 1068
1	1064 1069
1	1080 1081
1	1082 1083
1	1090 1091
1	1090 1092
1	1096 1097
1	1024 1057
1	1080 1102
1	1106 1107 1108
1	1116 1117
1	1118 1119
1	1126 1127
1	1002 1045
1	1148 1149
1	1057 1153 1154 1155
1	1010 1104
1	1128 1165
1	1139 1166 1167
1	1171 1172
1	1173 1174
1	1056 1181
1	1101 1182
1	1183 1184
1	1186 1187
1	1015 1193
1	1200 1201
1	1204 1205
1	1212 1213
1	1214 1215
1	1111 1217
1	1047 1219
1	1221 1222
1	1221 1223
1	1057 1221 1224 1225
1	1228 1229
1	1228 1230
1	1228 1231
1	1228 1232 1233
1	1234 1235
1	1009 1072
1	1239 1240
1	1091 1242
1	1062 1093 1246 1247 1248
1	1100 1251
1	1002 1252
1	1252 1253
1	1252 1254
1	1002 1117 1252 1255
1	1002 1071 1252
1	1252 1256
1	1062 1252 1257 1258
1	1252 1258 1259
1	1252 1260
1	1252 1261
1	1252 1262
1	1252 1263
1	1265 1266
1	1267 1268
1	1269 1270
1	1100 1272
1	1100 1273
1	1278 1279
1	1135 1136
1	1283 1284
1	1152 1196 1285
1	1288 1289
1	1152 1196
1	1011 1291
1	1292 1293
1	1038 1294
1	1297 1298
1	1299 1300 1301
1	1304 1305
1	1139 1308
1	1139 1196
1	1309 1310
1	1309 1311
1	1116 1314
1	1315 1316
1	1319 1320
1	1327 1328 1329 1330
1	1044 1339
1	1110 1343
1	1034 1345
1	1338 1347
1	1348 1349
1	1032 1164
1	1195 1308 1356
1	1357 1358
1	1033 1044
1	1027 1044
1	1237 1363
1	1364 1365
1	1238 1364 1366
1	1368 1369
1	1032 1372
1	1144 1374
1	1147 1350
1	1013 1380
1	1032 1383
1	1032 1386 1387
1	1357 1390
1	1077 1394 1395
1	1398 1399 1400
1	1403 1404
1	1152 1409 1410
1	1154 1411
1	1411 1412
1	998 1411 1413 1414
1	1113 1411
1	1411 1415
1	1107 1419
1	1419 1420
1	1422 1423
1	1424 1425
1	1203 1424
1	1214 1424
1	1100 1426
1	1339 1427
1	1428 1429 1430
1	1107 1431
1	1058 1434
1	1436 1437
1	1439 1440
1	1077 1439 1441
1	1113 1444
1	1445 1446
1	1449 1450
1	1453 1454
1	1107 1453
1	1356 1462
1	1062 1470
1	1472 1473
1	1321 1474
1	1476 1477
1	1478 1479
1	1011 1013
1	1484 1485 1486
1	1489 1490
1	1038 1489 1491
1	1492 1493
1	1493 1494
1	1083 1336 1503
1	1336 1503 1504
1	1033 1336
1	1305 1507
1	1510 1511 1512
1	1152 1517
1	1532 1533 1534
1	1013 1535
1	1057 1538
1	1056 1057 1413
1	1042 1544
1	1042 1219
1	1477 1543
1	1477 1546
1	1477 1546 1547
1	1003 1319
1	1003 1445
1	1513 1550
1	1197 1462
1	1551 1552
1	1534 1553 1554
1	1056 1113
1	1563 1564
1	1426 1565
1	1059 1335
1	1026 1571
1	1062 1257
1	1110 1503
1	1110 1354 1572
1	1383 1578
1	1473 1579
1	1580 1581
1	1013 1581
1	1581 1582
1	1011 1581
1	1434 1584
1	1057 1224
1	1375 1588
1	1348 1589
1	1243 1350
1	1319 1445 1591
1	1057 1593
1	1057 1530
1	1056 1057
1	1057 1327
1	1307 1594 1595
1	1596 1597
1	1038 1135
1	1601 1602
1	1286 1352 1608
1	1286 1609
1	1612 1613
1	1373 1410
1	1098 1618
1	1136 1621
1	1622 1623
1	1121 1624
1	1625 1626
1	1113 1474
1	1474 1632
1	1152 1356
1	1004 1445
1	1004 1633
1	1220 1636
1	1026 1638
1	1071 1640
1	1095 1642
1	1095 1577
1	1471 1643
1	1644 1645
1	1647 1648
1	1081 1141
1	1011 1649
1	1107 1331
1	1047 1220
1	1348 1653
1	1098 1239
1	1174 1657 1658
1	1058 1622
1	1272 1273 1661
1	1100 1661
1	1663 1664
1	1032 1665
1	1666 1667
1	1668 1669
1	1051 1056
1	1567 1673
1	1077 1674
1	1349 1677
1	1677 1678
1	1032 1680
1	1032 1250
1	1032 1383 1681
1	1032 1682
1	1032 1352
1	1032 1683
1	1032 1326
1	1032 1608 1684
1	1032 1386
1	997 1688
1	1284 1375
1	1445 1690
1	1445 1691
1	1320 1445
1	1445 1692
1	1389 1445
1	1445 1693
1	1445 1694
1	1445 1695
1	1445 1696
1	996 1546
1	996 1269
1	1135 1421
1	1640 1701
1	1559 1704
1	1162 1552
1	1063 1716
1	1011 1330
1	1308 1577
1	1201 1308 1462 1642
1	1196 1308 1577
1	1196 1308
1	1152 1308
1	1308 1717
1	1152 1577 1642
1	1645 1720
1	1127 1623
1	1189 1722
1	1189 1603
1	1107 1189
1	1189 1723
1	1175 1224
1	1154 1224
1	1051 1224
1	1180 1214 1292 1375
1	1417 1729
1	1002 1733
1	1144 1736
1	1144 1737
1	1144 1307
1	1307 1430 1738
1	1503 1743
1	1258 1747 1748
1	1421 1749
1	1440 1675
1	1100 1273 1755
1	1663 1756 1757
1	1663 1758
1	1663 1757
1	1484 1486
1	1484 1485
1	1282 1761 1762
1	1767 1768 1769
1	1775 1776
1	1778 1779
1	1782 1783
1	1420 1480
1	1784 1785
1	1462 1788
1	1797 1798
1	1104 1799
1	1013 1104
1	1104 1800
1	1010 1011 1104
1	1662 1807
1	1107 1420
1	1107 1420 1603
1	1107 1108
1	1107 1316
1	1107 1808
1	1107 1809
1	1107 1603
1	1420 1545
1	1420 1810
1	1106 1420
1	1238 1242 1311 1813
1	1331 1816
1	1331 1603
1	1111 1825
1	1011 1056
1	1179 1274
1	1100 1834
1	1083 1552
1	1125 1623
1	1124 1125
1	1002 1839
1	1174 1840
1	1707 1844
1	1214 1284
1	1283 1292
1	1283 1662
1	1283 1848
1	1214 1283
1	1180 1283
1	1283 1849
1	1176 1852
1	1134 1567
1	1175 1697
1	1097 1174
1	1174 1471 1868
1	1180 1284 1323
1	1010 1011 1056
1	1051 1056 1707
1	1292 1662
1	1047 1887
1	1546 1659 1894
1	1421 1896
1	1893 1897
1	1311 1901
1	1903 1904
1	1329 1906
1	1002 1785
1	1152 1196 1910
1	1911 1912
1	1914 1915
1	1486 1914
1	1093 1747
1	1349 1917
1	1091 1282
1	1456 1634
1	1456 1922
1	1091 1923
1	1238 1923
1	1195 1196 1933
1	1350 1934
1	1302 1316
1	1599 1937
1	1174 1938
1	1174 1939
1	1292 1375 1943 1944
1	1339 1552
1	1503 1719
1	1083 1719
1	1816 1945
1	1478 1948
1	1262 1747
1	1089 1546
1	1319 1549
1	1002 1093
1	1093 1260
1	1961 1962
1	1430 1963
1	1238 1964
1	1238 1965
1	1026 1818
1	1196 1968
1	1010 1011
1	1747 1970
1	1071 1747
1	1260 1747
1	1111 1174
1	1111 1708
1	1111 1464
1	1971 1972 1973
1	1499 1583
1	997 1277
1	1580 1984
1	1195 1642
1	1642 1987
1	1152 1462 1988
1	1152 1196 1462
1	1196 1998
1	1088 1503
1	1088 1499
1	1062 1258
1	1793 1893
1	1684 2001
1	1618 2001
1	1077 1651
1	1077 1542
1	2012 2013
1	1230 1442
1	1100 1597
1	1010 1072
1	1134 2021
1	1440 1908
1	1174 1485
1	1471 1867
1	1002 1258
1	1071 1258
1	1545 2027
1	1127 2029
1	1117 1247
1	1247 2030
1	1083 1572
1	1083 2033
1	1175 1707
1	1154 1707
1	1649 1707
1	1174 2042
1	2044 2045
1	2046 2047
1	1071 1117
1	1164 2051
1	1183 1750
1	1083 2054
1	2056 2057
1	1013 1649
1	1051 1649
1	1013 1072 2061
1	1013 1072
1	2063 2064
1	997 1011
1	1002 1263
1	1543 2067
1	1546 2067
1	1894 2067 2068
1	1134 1712
1	1430 2071
1	1065 2077
1	1218 2078
1	1116 2079
1	1011 2080
1	2082 2083
1	1608 2085
1	1608 1618
1	1150 2086
1	1011 1154
1	1011 1267
1	1011 2092
1	1011 2093
1	1072 1380
1	1154 2098
1	1031 1250
1	1430 1675
1	1284 1292 1588
1	1375 1588 2105
1	1013 2107
1	1051 2107
1	1152 1197
1	1196 1197
1	1320 2112
1	1320 2113
1	1074 1320 2114
1	1320 2115
1	1320 2116
1	1925 2117
1	1089 1192
1	1192 2119
1	1512 2120
1	1083 1503
1	1391 2125
1	1214 1323
1	1534 1554
1	1116 1785
1	1116 2128
1	1214 1662
1	1675 2131
1	1091 2132
1	1894 2133
1	1546 1894
1	2136 2137
1	1237 1960
1	1117 1679
1	1051 2147
1	1196 1560
1	1091 1366
1	1214 1292
1	1618 2152
1	1174 2154
1	1913 2156
1	1570 2157
1	997 1580
1	1196 2123
1	1196 1577
1	1196 1201
1	1051 1175
1	1467 1645
1	1201 1534
1	1543 1659
1	1089 1659
1	1154 1175
1	1175 2163
1	1552 1572
1	1572 1734
1	1134 1437
1	1712 2166
1	1152 1815
1	1152 1195
1	1357 2173
1	1546 2133
1	1058 1122
1	1273 2176
1	1793 1917
1	1002 1071
1	2186 2187
1	2157 2190
1	1062 1260
1	1421 2191
1	1694 1716
1	1108 2192
1	2196 2197
1	1048 1100
1	1013 1580
2	2206 2207
2	2208 2209
2	2208 2210
2	2217 2218 2219 2220 2221 2222
2	2224 2225
2	2227 2228
2	2233 2234
2	2237 2238
2	2242 2243
2	2244 2245
2	2246 2247
2	2250 2251
2	2232 2257
2	2202 2232
2	2265 2266 2267 2268 2269 2270
2	2276 2277
2	2280 2281
2	2284 2285
2	2288 2289 2290
2	2295 2296
2	2295 2297
2	2295 2298
2	2295 2299
2	2295 2300 2301
2	2295 2301
2	2295 2302
2	2295 2303
2	2295 2298 2304
2	2216 2295
2	2216 2295 2305
2	2295 2306
2	2295 2307
2	2295 2308
2	2295 2305
2	2295 2309
2	2295 2310
2	2291 2312
2	2313 2314
2	2251 2318
2	2318 2319
2	2318 2320
2	2318 2321
2	2323 2324
2	2323 2324 2325
2	2329 2330
2	2336 2337
2	2336 2338
2	2339 2340 2341
2	2212 2342
2	2343 2344
2	2345 2346
2	2351 2352
2	2354 2355 2356
2	2224 2361
2	2361 2362
2	2370 2371
2	2376 2377
2	2224 2378 2379
2	2380 2381
2	2285 2335 2383
2	2214 2312
2	2209 2234 2282 2393
2	2397 2398
2	2402 2403
2	2404 2405 2406
2	2407 2408
2	2409 2410
2	2245 2413
2	2414 2415
2	2416 2417
2	2426 2427
2	2374 2430
2	2433 2434 2435
2	2434 2436
2	2434 2437
2	2445 2446
2	2448 2449
2	2454 2455
2	2248 2456
2	2456 2457
2	2248 2405 2456
2	2316 2456
2	2456 2458 2459
2	2226 2463
2	2254 2337
2	2324 2466
2	2467 2468
2	2469 2470
2	2463 2473
2	2370 2477
2	2228 2353
2	2485 2486 2487 2488 2489
2	2472 2491 2492 2493
2	2494 2495
2	2499 2500
2	2263 2501
2	2254 2263
2	2503 2504
2	2316 2506
2	2507 2508 2509
2	2507 2510
2	2507 2508 2511
2	2330 2512
2	2396 2513 2514
2	2465 2520
2	2522 2523
2	2527 2528 2529
2	2532 2533
2	2527 2536
2	2527 2537
2	2539 2540
2	2541 2542
2	2543 2544
2	2224 2546
2	2338 2366
2	2486 2548
2	2550 2551
2	2552 2553
2	2554 2555 2556
2	2254 2559
2	2386 2559
2	2562 2563
2	2564 2565
2	2214 2564
2	2290 2566
2	2393 2566
2	2290 2393 2566
2	2566 2567
2	2573 2574
2	2575 2576
2	2290 2578
2	2428 2585
2	2372 2586
2	2290 2587 2588
2	2590 2591 2592
2	2353 2593
2	2594 2595
2	2604 2605
2	2606 2607
2	2606 2608
2	2316 2376 2609
2	2316 2376
2	2376 2610
2	2376 2458
2	2366 2617
2	2618 2619
2	2622 2623
2	2212 2626
2	2212 2627
2	2212 2628
2	2212 2472
2	2212 2505
2	2212 2629
2	2212 2627 2630 2631
2	2212 2632
2	2212 2631
2	2212 2633
2	2212 2634
2	2635 2636
2	2253 2636
2	2636 2637
2	2636 2638
2	2633 2636
2	2344 2640
2	2386 2644
2	2287 2649
2	2342 2627 2634 2651
2	2652 2653
2	2269 2648 2652
2	2392 2652
2	2245 2353 2654
2	2657 2658
2	2353 2389 2660 2661
2	2280 2634
2	2664 2665
2	2664 2666
2	2667 2668
2	2245 2670
2	2673 2674
2	2675 2676
2	2682 2683
2	2689 2690 2691
2	2342 2472
2	2697 2698
2	2700 2701
2	2702 2703
2	2276 2353 2704 2705
2	2226 2615
2	2711 2712
2	2717 2718
2	2214 2720
2	2291 2720 2721
2	2472 2635 2722
2	2726 2727
2	2728 2729
2	2458 2730
2	2251 2734
2	2736 2737
2	2251 2737
2	2219 2245 2741
2	2419 2742
2	2237 2420
2	2353 2746
2	2472 2505
2	2505 2748
2	2422 2749
2	2312 2752
2	2753 2754
2	2251 2756
2	2758 2759
2	2457 2619
2	2248 2457
2	2457 2609
2	2457 2610
2	2457 2458
2	2316 2457
2	2457 2761
2	2457 2762
2	2457 2763
2	2405 2768
2	2357 2405
2	2405 2646
2	2405 2609
2	2405 2618
2	2555 2771
2	2610 2772
2	2462 2773
2	2248 2609 2774
2	2224 2778
2	2338 2779
2	2296 2781
2	2296 2782
2	2216 2301 2782
2	2216 2783
2	2428 2784
2	2306 2310
2	2310 2789
2	2548 2790
2	2472 2632
2	2342 2472 2635 2796
2	2472 2797
2	2798 2799
2	2801 2802
2	2571 2803
2	2805 2806
2	2807 2808
2	2810 2811
2	2421 2812
2	2458 2609 2814
2	2458 2609
2	2458 2609 2816
2	2458 2762
2	2316 2458
2	2818 2819
2	2820 2821
2	2822 2823
2	2569 2825
2	2294 2827
2	2829 2830
2	2258 2422
2	2819 2836 2837 2838 2839
2	2224 2843
2	2373 2800
2	2373 2428
2	2661 2849
2	2280 2855
2	2858 2859
2	2285 2865
2	2866 2867
2	2866 2868
2	2222 2245
2	2873 2874 2875
2	2677 2878
2	2879 2880
2	2882 2883
2	2884 2885
2	2886 2887 2888
2	2890 2891
2	2894 2895
2	2422 2895
2	2331 2849
2	2898 2899
2	2502 2902
2	2904 2905
2	2290 2908
2	2592 2913
2	2254 2386 2917
2	2251 2918
2	2290 2921
2	2289 2921
2	2921 2922
2	2254 2616
2	2616 2924
2	2759 2926
2	2369 2759
2	2548 2934
2	2251 2935
2	2825 2936
2	2937 2938
2	2268 2270
2	2705 2948
2	2245 2705
2	2294 2552
2	2796 2951
2	2953 2954
2	2254 2955
2	2956 2957
2	2959 2960 2961
2	2370 2962
2	2267 2648
2	2669 2966
2	2421 2669 2967
2	2395 2669
2	2421 2669
2	2619 2968
2	2619 2768
2	2422 2592
2	2389 2970 2971
2	2465 2582
2	2597 2975
2	2422 2977
2	2258 2422 2978
2	2422 2979
2	2422 2592 2794
2	2422 2980
2	2422 2981
2	2422 2982
2	2987 2988
2	2270 2571
2	2267 2571
2	2348 2571
2	2316 2730
2	2992 2993
2	2615 2847
2	2287 2289 2943
2	2610 2768
2	2610 2998
2	2610 2999
2	2610 3000
2	2610 2762
2	2610 2740
2	2807 3001 3002
2	2285 3003
2	2294 2552 3007
2	2396 3010
2	2254 2819
2	2224 2558
2	2797 2911
2	2337 3018
2	3020 3021
2	2888 3023
2	2224 2251
2	2251 2834
2	2251 2476
2	2251 3024
2	2251 3025
2	2251 3026
2	2251 3027
2	2224 2251 2476
2	3028 3029
2	2299 2300 2783
2	2305 2783
2	2287 2290 2393
2	2290 2393
2	2290 3033
2	2290 2325
2	2290 3034
2	2290 2607
2	2272 2290
2	2290 2548
2	2290 2825
2	2290 2324
2	2290 2325 3035
2	3042 3043
2	2335 3047
2	2285 3047
2	2462 3050
2	2768 3051
2	2396 3056
2	3057 3058
2	2985 3061
2	2299 2301
2	2737 3074
2	2226 3083
2	2270 3086 3087
2	3086 3088
2	3086 3089
2	3092 3093
2	2768 2999
2	3096 3097
2	2684 2690
2	2412 2690 3098
2	2572 3099
2	2439 2932
2	2265 2270 3105
2	2395 3109
2	3109 3110
2	2224 2737
2	2316 2609
2	2847 3113
2	2554 3115
2	2554 3116
2	3118 3119
2	2254 2862
2	2226 2847
2	2226 2614
2	2226 3125
2	2226 3126
2	2245 3129
2	2393 2578 3131
2	2809 2886
2	2886 3134
2	2338 2886
2	2412 3138
2	2245 3139
2	2396 2890
2	2890 3141
2	2275 2890
2	2315 2890
2	2362 2369
2	2301 2303
2	2342 3145
2	2888 3147
2	2270 2390
2	2265 2390
2	2371 2670
2	2609 2863
2	2367 3149
2	2745 3154
2	2535 2773 3095
2	2817 3158 3159
2	2412 2684
2	2275 2315
2	2315 2745
2	2315 2418
2	2396 3169
2	2299 3170
2	2299 3171
2	2266 3173
2	2632 3178
2	2353 3184
2	2291 3185
2	2609 3000
2	2609 2840
2	2609 3190
2	2285 3194
2	2270 2830
2	3198 3199
2	3198 3200 3201
2	2530 3202
2	2888 3205
2	2338 3205
2	2223 3002
2	2289 3210
2	2548 3210
2	2604 3212
2	2396 3214
2	3217 3218
2	2542 3222
2	2729 2786
2	2359 2489
2	2291 2975
2	2680 3113
2	2325 2393
2	2272 2325
2	2366 3238
2	2632 3242
2	2632 3243
2	2463 3245
2	3246 3247
2	2245 2370
2	2245 3249
2	2245 2353
2	2245 2335 2353
2	2245 2331
2	2228 2245 2285 2389
2	2245 2502
2	3250 3251
2	2427 3019
2	2924 3269
2	2311 2368
2	2412 2873
2	2412 3270
2	2254 2924
2	2254 3273
2	2254 3274
2	2254 2682
2	2254 2386
2	2252 3275
2	2232 2395
2	2287 2393 2548
2	2287 3285
2	3242 3288
2	3137 3290
2	2348 3292
2	3199 3293
2	3297 3298
2	2353 2502
2	2679 3304 3305
2	2241 3307
2	2241 2252
2	2402 3312
2	2604 3312
2	2332 2875
2	3090 3318
2	2769 3090
2	2275 2745
2	2275 3321
2	2209 3329
2	2548 3330
2	2274 2833
2	2542 3333 3334
2	2289 2324
2	2502 3339
2	2959 3341
2	3341 3342
2	2745 3008
2	2291 3008
2	2230 3286
2	2393 2587
2	2393 3349
2	2393 3079
2	2303 3171
2	2276 3351
2	2386 2462
2	2799 3317
2	2214 3361
2	3009 3362 3363
2	3365 3366
2	3371 3372
2	2490 3133
2	2303 3376
2	2592 3383
2	2205 3392
2	2592 3393
2	2676 3395
2	2305 3170
2	2311 3402 3403
2	2267 3088
2	2406 3405
2	2768 3405
2	2582 3406
2	2270 2348
2	2291 3409
2	2291 2475
2	2648 3410
2	2214 3415
2	2224 2476
2	2592 3418
2	2592 3416
2	2418 3419
2	2542 3423
2	2998 3424
2	2587 2825
2	2825 3425
2	2582 3426
2	3363 3427
2	3199 3431
2	2224 3436
2	2348 3121
2	2366 3440
2	3147 3440
2	2386 2467
2	3448 3449
2	2768 3450
2	2729 3099
2	2332 2959
2	2763 3000
2	2274 2348
2	2396 2700
2	2762 3452
2	2349 2709
3	3458 3459
3	3460 3461 3462 3463
3	3465 3466 3467 3468 3469 3470
3	3471 3472
3	3472 3473
3	3472 3474
3	3477 3478
3	3479 3480 3481 3482
3	3484 3485
3	3486 3487
3	3488 3489
3	3493 3494
3	3496 3497
3	3501 3502
3	3503 3504 3505
3	3508 3509 3510 3511
3	3512 3517
3	3512 3518
3	3512 3519
3	3521 3522
3	3524 3525
3	3528 3529
3	3530 3531 3532 3533 3534
3	3535 3536 3537 3538 3539
3	3535 3540
3	3548 3549
3	3550 3551
3	3501 3553
3	3553 3554
3	3560 3561
3	3562 3563
3	3567 3568
3	3573 3574
3	3579 3580
3	3580 3581 3582 3583
3	3585 3586 3587
3	3603 3604
3	3601 3603
3	3540 3603
3	3464 3603
3	3603 3605
3	3606 3607 3608
3	3610 3611
3	3540 3614
3	3615 3616
3	3621 3622
3	3471 3621
3	3624 3625 3626 3627
3	3629 3630
3	3637 3638
3	3638 3639
3	3640 3641
3	3612 3643
3	3644 3645
3	3647 3648
3	3626 3650 3651 3652
3	3656 3657
3	3658 3659
3	3660 3661
3	3660 3662
3	3660 3663
3	3660 3664
3	3665 3666 3667
3	3671 3672 3673 3674
3	3676 3677
3	3681 3682
3	3540 3600 3685 3686
3	3691 3692
3	3528 3600
3	3673 3694
3	3696 3697
3	3607 3699
3	3517 3702
3	3703 3704
3	3704 3705
3	3704 3706 3707
3	3708 3709
3	3528 3665 3712
3	3528 3713
3	3528 3665
3	3528 3585 3714
3	3528 3715
3	3665 3720 3721 3722
3	3600 3713
3	3727 3728
3	3629 3732 3733
3	3732 3734
3	3540 3735
3	3556 3737
3	3563 3739 3740
3	3563 3740
3	3518 3519 3743 3744
3	3745 3746
3	3747 3748
3	3755 3756 3757
3	3758 3759
3	3760 3761
3	3554 3762 3763 3764 3765 3766 3767
3	3473 3768
3	3473 3769
3	3473 3768 3770
3	3473 3771
3	3538 3774
3	3532 3777 3778
3	3745 3759 3781 3782 3783
3	3784 3785
3	3786 3787
3	3758 3788
3	3486 3790
3	3793 3794
3	3687 3796 3797
3	3741 3800
3	3803 3804
3	3806 3807
3	3698 3811
3	3814 3815
3	3713 3714
3	3713 3816
3	3713 3817
3	3713 3818 3819
3	3585 3713
3	3585 3665 3713
3	3666 3713
3	3619 3713
3	3485 3822
3	3823 3824
3	3829 3830
3	3610 3834
3	3707 3835
3	3807 3837 3838
3	3839 3840
3	3844 3845
3	3847 3848 3849 3850 3851
3	3853 3854
3	3709 3856 3857
3	3858 3859
3	3680 3863
3	3865 3866 3867 3868 3869
3	3501 3623 3766 3875
3	3877 3878
3	3600 3879
3	3880 3881
3	3816 3887 3888 3889 3890
3	3893 3894
3	3900 3901
3	3903 3904
3	3820 3906
3	3910 3911
3	3913 3914
3	3916 3917
3	3807 3918 3919
3	3592 3919
3	3921 3922
3	3665 3715 3923
3	3759 3924 3925 3926
3	3930 3931
3	3766 3933 3934 3935
3	3936 3937
3	3939 3940
3	3944 3945
3	3501 3949
3	3955 3956
3	3958 3959
3	3722 3889
3	3967 3968
3	3820 3969
3	3970 3971 3972
3	3826 3977
3	3977 3978
3	3889 3979
3	3488 3980 3981
3	3657 3984
3	3759 3986
3	3986 3987
3	3683 3992 3993 3994
3	3768 3996 3997
3	4000 4001
3	3873 4004
3	4006 4007
3	3515 3895
3	4010 4011
3	4015 4016
3	4017 4018
3	4017 4019
3	4017 4018 4020
3	3745 3759 4021
3	4026 4027
3	4026 4028
3	3665 3816 4026 4029
3	3550 4030
3	3746 3879
3	3746 4032
3	3746 4033 4034
3	3526 4039
3	3600 3807
3	4043 4044
3	4045 4046
3	4052 4053
3	4054 4055
3	4056 4057
3	3714 4058
3	3993 4060 4061
3	4062 4063
3	4071 4072
3	3947 4073
3	3807 4074
3	3873 4075
3	4076 4077
3	3879 4080
3	4082 4083
3	3538 4086
3	3616 4088
3	3515 4092
3	3604 4093
3	3464 4093
3	4100 4101
3	3691 4102
3	3769 4103
3	3807 4104
3	3541 4106
3	3541 3879
3	3541 3879 4080
3	3541 3745
3	3541 3879 4107
3	3541 4108
3	3541 4109
3	3464 4110
3	3610 4112
3	3610 4060
3	4113 4114
3	3540 4072 4115
3	3748 4119
3	4120 4121
3	4090 4124 4125
3	4087 4126
3	3582 4127 4128 4129
3	3585 3818
3	3585 3588 3818 3889 4130
3	3697 4131 4132
3	3915 4018
3	3691 4135 4136
3	3691 4137
3	3742 4139
3	4140 4141 4142
3	3534 3778
3	3775 4150
3	3523 3978
3	3477 3879
3	3477 4156
3	3477 4157
3	3477 4158
3	4159 4160
3	3641 3807 4161
3	4162 4163
3	3577 4164 4165 4166
3	4167 4168
3	3807 4169 4170 4171
3	3587 4029 4172
3	3947 4182
3	4183 4184 4185
3	3607 3909 4187
3	3909 4187 4188
3	4191 4192 4193
3	4199 4200 4201
3	4204 4205
3	3879 3964
3	3964 3987
3	3964 4080
3	3807 4209 4210
3	3650 4213
3	3710 4220
3	3710 4083
3	3464 3710
3	3759 4222
3	4224 4225
3	4226 4227
3	3890 4228
3	3604 4236
3	4236 4237
3	4238 4239
3	3747 4243
3	3540 3604
3	4053 4249
3	4191 4250
3	3554 4253
3	3825 3971
3	4259 4260
3	3540 4262
3	3594 4131
3	3555 4131
3	4263 4264
3	4266 4267 4268 4269
3	4270 4271 4272
3	3714 4274
3	3905 4275
3	3582 4276
3	3683 3993 4278
3	4279 4280
3	4018 4020
3	3616 4281
3	3900 4282
3	4285 4286
3	4266 4287 4288
3	3513 4289
3	3587 3665 4291
3	4292 4293 4294 4295
3	3815 4302
3	3815 4303
3	4211 4306
3	3821 4307 4308
3	4312 4313
3	4314 4315
3	3748 4316
3	4317 4318
3	3928 4253
3	3807 4326 4327
3	4328 4329
3	4330 4331 4332
3	3669 4333
3	3804 4142 4334
3	3804 4335
3	3643 3820
3	3488 4344
3	4353 4354
3	3705 4358
3	3514 3930
3	3514 4360
3	3879 3926
3	3879 4364
3	3758 3879
3	3879 4365
3	3478 3879
3	3879 4080 4366
3	3879 3961
3	3879 4367
3	3879 4108
3	3840 4372
3	3501 4373
3	3665 4379 4380
3	4382 4383
3	3563 3669 3873 4386 4387
3	3665 3823
3	3617 3759
3	3592 4392
3	3876 3908
3	3876 3908 4394
3	3759 3987
3	3969 4395
3	3641 4178
3	3488 3489 4403
3	4406 4407
3	3930 4416
3	4300 4417
3	4179 4300
3	3779 4419
3	3779 4420
3	3617 4081
3	3745 4081 4422
3	4260 4423
3	4428 4429
3	4430 4431
3	3508 4433
3	4260 4434
3	3681 4435
3	3588 3889
3	3501 4450
3	3501 4451
3	3501 3657
3	3592 4453
3	4080 4454
3	3768 4458
3	3681 3805
3	3500 4464
3	3563 3669
3	3864 4470
3	4053 4474
3	4478 4479
3	3594 3750
3	3750 4005
3	3807 4485 4486 4487
3	3498 4503
3	3515 4505
3	4038 4506
3	3882 4038
3	4038 4507
3	4038 4508
3	3533 4512
3	3698 4087
3	4087 4517
3	4087 4518
3	3463 4521
3	3484 3488
3	3480 3488
3	3488 3524 4177 4525
3	4526 4527
3	3769 4528
3	3807 4532
3	4225 4533
3	3893 4535 4536
3	4538 4539
3	4320 4542
3	3600 4150
3	3592 3600 3837
3	3953 4543
3	4066 4544
3	3807 4546
3	3787 3882
3	4551 4552
3	3617 4555
3	4558 4559
3	3515 3632
3	3515 4428
3	4483 4571
3	3563 4155
3	3720 4228
3	4581 4582
3	4001 4585
3	3555 4589
3	3584 3624
3	4591 4592
3	3720 4593
3	4594 4595
3	4596 4597
3	4446 4601
3	3540 4604 4605
3	3961 3987
3	3961 4606
3	3617 3961 4607
3	3876 4608
3	3993 4610
3	3643 4097
3	3643 4096 4097
3	3807 4251 4615 4616
3	3669 4066
3	4148 4486
3	3807 4148
3	3518 3680
3	4585 4624
3	4585 4625
3	4018 4626
3	3607 4633
3	4270 4640
3	3698 4231
3	4402 4644
3	3996 4647
3	4305 4650
3	4650 4651 4652
3	3807 4486
3	3807 4326 4486
3	3915 4651
3	3869 4025
3	4018 4652
3	3778 4653
3	3523 4658
3	4663 4664
3	3577 3649
3	4019 4666
3	4394 4670
3	3592 3684 4251
3	3840 4671
3	3555 4673
3	3607 4677
3	3607 4523 4678
3	3607 4679
3	3607 3876
3	3607 4680
3	4326 4681
3	3587 3588
3	3587 4274 4682
3	3587 3714
3	3587 3714 4683
3	3915 4305 4407 4620
3	4684 4685
3	3909 4686
3	3563 3635
3	3807 3837
3	3707 4016
3	4374 4461
3	3717 3759 4222
3	3759 4022
3	3569 4416
3	4416 4696
3	3519 4698
3	4231 4699
3	3698 4699
3	3479 3784
3	3479 4701
3	4703 4704
3	3506 3540
3	3555 4707
3	3807 4708
3	3819 4089
3	3555 3772
3	4713 4714 4715
3	4716 4717
3	4018 4716
3	3677 3890
3	4080 4721
3	3550 4232
3	3546 3891
3	3491 4727
3	3868 4729
3	3545 3962
3	4165 4407
3	4732 4733
3	3609 3953
3	4735 4736
3	4228 4566
3	3666 4737 4738
3	4142 4739
3	4142 4324
3	3555 3936
3	3594 3936 4740
3	4609 4743
3	3707 4053
3	4080 4648
3	3609 3707 4748
3	3878 4618
3	4529 4757
3	3563 3873
3	3540 4115
3	4758 4759
3	3868 4507
3	3464 4237
3	4472 4765
3	4766 4767
3	4231 4774
3	3665 3722
3	4780 4781
3	4127 4787
3	4018 4788
3	3807 4792
3	3684 4714
3	3510 4797
3	3585 3890
3	3633 3669
3	3598 4802
3	3706 4804
3	3563 4805
3	3563 3911
3	3857 4212
3	3471 4504
3	4812 4813
3	3538 4817
3	4529 4821
3	4187 4822
3	3698 4823
3	4400 4824
3	3812 4053
3	3937 4447
3	3509 4828
3	3641 4840
3	3641 3807
3	3641 3807 4841
3	3641 4841
3	3673 4843
3	3540 3686
3	3993 4845
3	3993 4846
3	3669 4782
3	3891 4848
3	3619 3816
3	4060 4853
3	3720 4683
3	3882 4855
3	3882 4508
3	4644 4858
3	4862 4863
3	4872 4873
3	4877 4878
3	3532 3895
3	3778 3895
3	4760 4879
3	3619 4274
3	4882 4883
3	3712 4130 4887
3	3592 3807
3	3807 4889
3	3807 4223
3	3684 3807
3	3807 4890
3	4892 4893
3	3509 3632
3	3509 4574
3	4897 4898
3	4407 4898
3	3540 4150
3	3996 4904
3	3633 4595
3	3619 4028
3	3619 3665 4028
3	3669 4090
3	3669 4124
3	4455 4916
3	3616 4918
3	3616 4919
3	3616 3657
3	3996 4924
3	4090 4926
3	3554 3933
3	4108 4928
3	4080 4929
3	4579 4931
3	3698 4932
3	4478 4934
3	3555 4042
3	3720 4854
3	3665 4624
3	4053 4748
3	4173 4378 4944
3	3649 3915
3	3620 4948
3	4139 4952
3	3540 4953
3	3876 4686 4954
3	3876 3909 4955
3	3619 3665 4001
3	3665 4738
3	3787 4508
3	3701 3811
3	3588 3714
3	3665 3714 4580
3	3540 4960
3	3619 3720 4478
3	3560 4048
3	4840 4962
3	4966 4967
3	3787 4024
3	4547 4973
3	4071 4974
3	4962 4975
3	4211 4407
3	4211 4976
3	3588 4190
3	3665 4190
3	3768 4455
3	3585 3720
3	4982 4983
3	4904 4985
3	3768 4904
3	4200 4988
3	3706 3707
3	4915 4992
3	3840 4995
3	3665 3720
3	3585 3665 4130
3	3665 4580
3	3720 4999
3	3768 4504
3	3769 4504
3	3768 3769
3	3778 4690
3	4149 4467
3	4533 4869
3	4177 5007
3	3969 4248
4	5017 5018
4	5029 5030
4	5033 5034
4	5043 5044
4	5011 5018 5046 5047
4	5048 5049
4	5020 5057
4	5021 5064
4	5019 5047
4	5011 5016 5047
4	5011 5019 5047
4	5011 5047
4	5018 5047
4	5046 5047
4	5014 5095
4	5011 5019
4	5011 5016
4	5011 5017
4	5011 5018
4	5011 5019 5046
4	5019 5045 5106
4	5045 5101
4	5045 5046
4	5088 5109
4	5020 5026
4	5119 5120
4	5091 5114
4	5088 5130
4	5035 5132
4	5018 5136
4	5090 5144
4	5146 5147
4	5032 5036
4	5033 5120
4	5016 5019
4	5087 5162
4	5046 5106
4	5019 5106
4	5055 5124 5165
4	5019 5046
4	5171 5183
4	5019 5193
4	5051 5195
4	5202 5203
4	5078 5111
4	5073 5111
4	5016 5167
4	5016 5017
4	5055 5207
4	5062 5218
4	5019 5046 5167
4	5167 5227
4	5017 5019
4	5017 5167
4	5055 5231
4	5189 5232
